 Pt Density=21.45
 Energy(eV), Delta, Beta
  30.  0.254413456  0.515174508
  32.1455765  0.283522487  0.456861258
  34.4446106  0.28662917  0.354777098
  36.908062  0.248396367  0.277100533
  39.5477028  0.201869801  0.219624326
  42.3761292  0.152181163  0.193781048
  45.4068375  0.113317341  0.180754796
  48.6543007  0.0798866227  0.183690608
  52.1340256  0.0706640556  0.196624175
  55.8626137  0.0814010203  0.20190829
  59.8578682  0.0986720994  0.186099723
  64.1388626  0.0939573869  0.161939994
  68.7260284  0.0836092457  0.161880851
  73.6412659  0.110037394  0.1611633
  78.9080353  0.12679854  0.125182718
  84.5514908  0.12250302  0.0917116553
  90.5985489  0.112666689  0.0649740323
  97.0780945  0.0953434929  0.0459237099
  104.021049  0.0800530687  0.034145236
  111.460571  0.0669502988  0.0258238073
  119.432152  0.055160407  0.0197237097
  127.973854  0.0441338979  0.0161646325
  137.12645  0.035472922  0.0145466104
  146.93364  0.0283265356  0.013708597
  157.44223  0.0226257462  0.0136448825
  168.702393  0.0182295218  0.0140471905
  180.767868  0.0152155403  0.014540459
  193.696259  0.0132221133  0.0147535326
  207.549271  0.0115082776  0.014629934
  222.393066  0.0104137911  0.0146752223
  238.298462  0.00992275029  0.0144346813
  255.3414  0.00962541904  0.0135750324
  273.603241  0.00918006524  0.0124828527
  293.171143  0.00858013704  0.0114904139
  314.13855  0.00802305993  0.0106029492
  336.60553  0.00753817242  0.00979002751
  360.679321  0.00713870069  0.00903954264
  386.474854  0.00688286079  0.00834095478
  414.115234  0.00674263528  0.00740063936
  443.732513  0.00637219567  0.00646644598
  475.467926  0.00594208715  0.00561505649
  509.473053  0.00543305324  0.00486363238
  545.910217  0.0048827203  0.00442942139
  584.953369  0.0046963729  0.00392932445
  626.788818  0.00438533071  0.00336752483
  671.616333  0.00404245686  0.00283659343
  719.64978  0.00364966062  0.0024176056
  771.118713  0.00333879166  0.00209456217
  826.268555  0.00306060794  0.00174187252
  885.362732  0.00276001147  0.00143747858
  948.683228  0.0024720924  0.00118285674
  1016.53247  0.00220189639  0.000969138346
  1089.23413  0.0019500691  0.000788468751
  1167.13525  0.00171724928  0.000640926592
  1250.60803  0.00150610413  0.000520666828
  1340.05066  0.00131511758  0.000421439356
  1435.89014  0.00114241685  0.000340847677
  1538.58398  0.000986923231  0.000275154365
  1648.62244  0.000845507311  0.000221701353
  1766.53088  0.000715404283  0.00017836348
  1892.87195  0.000589950942  0.000142935285
  2028.24878  0.000449056504  0.000114569171
  2173.30762  0.000300795917  0.000256603176
  2328.74097  0.000403169863  0.000299341365
  2495.29102  0.000398557342  0.000236069187
  2673.75244  0.000358100078  0.00021543348
  2864.97754  0.000345309818  0.000169534396
  3069.87866  0.000310761709  0.000141741359
  3289.43433  0.000276117935  0.000111909059
  3524.69238  0.000255524908  9.22974432E-05
  3776.77588  0.000227865909  7.2877745E-05
  4046.88818  0.000201684816  5.74541446E-05
  4336.31885  0.000177646914  4.52303684E-05
  4646.44971  0.000155929825  3.55622797E-05
  4978.76025  0.000136503571  2.79299256E-05
  5334.83789  0.000119246455  2.19141511E-05
  5716.38135  0.000103998966  1.7179651E-05
  6125.21289  9.0578149E-05  1.34587308E-05
  6563.28418  7.87976169E-05  1.05370591E-05
  7032.68555  6.84795159E-05  8.24539075E-06
  7535.6582  5.94548983E-05  6.44909369E-06
  8074.60352  5.15662723E-05  5.04192758E-06
  8652.09277  4.46692466E-05  3.94033805E-06
  9270.88574  3.86291176E-05  3.07824735E-06
  9933.93262  3.33146891E-05  2.40309055E-06
  10644.4004  2.85338319E-05  1.85589579E-06
  11405.6807  2.35201205E-05  1.43168972E-06
  12221.4062  2.14277807E-05  2.89221066E-06
  13095.4736  1.8542074E-05  2.22733161E-06
  14032.0527  1.66034752E-05  2.72625789E-06
  15035.6152  1.50039059E-05  2.15752243E-06
  16110.9521  1.32772802E-05  1.7006015E-06
  17263.1973  1.1683017E-05  1.33590072E-06
  18497.8477  1.02463791E-05  1.04636308E-06
  19820.8008  8.96641723E-06  8.1749539E-07
  21238.3711  7.83394353E-06  6.3728578E-07
  22757.3242  6.83655026E-06  4.95877316E-07
  24384.9121  5.96090285E-06  3.85225917E-07
  26128.9023  5.19393416E-06  2.9885598E-07
  27997.625  4.52339327E-06  2.31587421E-07
  29999.9961  3.9363963E-06  1.79295171E-07
