 Fe Density=7.874
 Energy(eV), Delta, Beta
  30.  0.299820632  0.209373653
  32.1455765  0.266065478  0.178034887
  34.4446106  0.233506814  0.151304364
  36.908062  0.20206061  0.128053203
  39.5477028  0.171811059  0.108374879
  42.3761292  0.142646015  0.0910668522
  45.4068375  0.111744434  0.0759680271
  48.6543007  0.0761654973  0.0633726567
  52.1340256  0.0176647101  0.0537705123
  55.8626137  0.0016212269  0.189163163
  59.8578682  0.0809289366  0.17253077
  64.1388626  0.102240629  0.128534168
  68.7260284  0.0941665322  0.0972699746
  73.6412659  0.0844742134  0.0799081847
  78.9080353  0.0740848482  0.0689784065
  84.5514908  0.0668619126  0.0607019551
  90.5985489  0.0605771877  0.0535048656
  97.0780945  0.0550956018  0.0473175161
  104.021049  0.0502294339  0.0418456532
  111.460571  0.0458843671  0.0369428694
  119.432152  0.0419493094  0.0325919725
  127.973854  0.0385721326  0.028593231
  137.12645  0.0352460481  0.0248005595
  146.93364  0.0321533121  0.0214997139
  157.44223  0.0292507205  0.0184484962
  168.702393  0.0264790896  0.015817197
  180.767868  0.0239464622  0.0135612329
  193.696259  0.0217858218  0.0115381572
  207.549271  0.0195971578  0.00952547416
  222.393066  0.017419735  0.00786428712
  238.298462  0.0154010309  0.0066243601
  255.3414  0.0136674987  0.00560004404
  273.603241  0.0121649103  0.00473197503
  293.171143  0.0108314268  0.00388465263
  314.13855  0.00956183579  0.00317457272
  336.60553  0.0084305061  0.00259139948
  360.679321  0.00738661829  0.00205244636
  386.474854  0.00640648045  0.00163111696
  414.115234  0.00554730324  0.00131256902
  443.732513  0.00477629621  0.00104820495
  475.467926  0.00408607582  0.000837088912
  509.473053  0.0034660555  0.00066809135
  545.910217  0.00290080812  0.000532918959
  584.953369  0.00237105438  0.000425095117
  626.788818  0.00184185896  0.000343425025
  671.616333  0.00118073344  0.000274275022
  719.64978  0.000577435305  0.00187757541
  771.118713  0.00136148324  0.00148732064
  826.268555  0.00140445656  0.00125102489
  885.362732  0.00145069952  0.00105501444
  948.683228  0.00138297351  0.000834906125
  1016.53247  0.00127679412  0.000663009414
  1089.23413  0.00115920184  0.00052460283
  1167.13525  0.0010398759  0.000414587499
  1250.60803  0.000926053326  0.000327538553
  1340.05066  0.000820011774  0.000257734646
  1435.89014  0.000722691417  0.00020270489
  1538.58398  0.000635074568  0.000159109477
  1648.62244  0.000556393701  0.00012464021
  1766.53088  0.000486609788  9.75236326E-05
  1892.87195  0.000424739788  7.60243784E-05
  2028.24878  0.00037019985  5.92845936E-05
  2173.30762  0.000322365901  4.6096342E-05
  2328.74097  0.000280435372  3.57960853E-05
  2495.29102  0.000243782531  2.77667987E-05
  2673.75244  0.000211801642  2.15175842E-05
  2864.97754  0.000183937489  1.6661299E-05
  3069.87866  0.000159684249  1.28921138E-05
  3289.43433  0.000138590476  9.96983636E-06
  3524.69238  0.000120253964  7.70635324E-06
  3776.77588  0.000104318511  5.95460324E-06
  4046.88818  9.04706467E-05  4.59975035E-06
  4336.31885  7.84352742E-05  3.55237353E-06
  4646.44971  6.79699006E-05  2.74320178E-06
  4978.76025  5.88609619E-05  2.11817724E-06
  5334.83789  5.09171623E-05  1.63562447E-06
  5716.38135  4.39634277E-05  1.26306304E-06
  6125.21289  3.78215736E-05  9.75473768E-07
  6563.28418  3.22305023E-05  7.53499648E-07
  7032.68555  2.5519641E-05  5.82164887E-07
  7535.6582  2.46576583E-05  3.6536162E-06
  8074.60352  2.23448897E-05  2.86725822E-06
  8652.09277  1.98660055E-05  2.2425279E-06
  9270.88574  1.75276018E-05  1.74876425E-06
  9933.93262  1.53983747E-05  1.36024107E-06
  10644.4004  1.34907323E-05  1.05550112E-06
  11405.6807  1.17973341E-05  8.1734305E-07
  12221.4062  1.03026305E-05  6.31767023E-07
  13095.4736  8.98833787E-06  4.8750627E-07
  14032.0527  7.83600899E-06  3.75629327E-07
  15035.6152  6.82770906E-06  2.89047563E-07
  16110.9521  5.94673065E-06  2.22150334E-07
  17263.1973  5.17788885E-06  1.70554827E-07
  18497.8477  4.50749121E-06  1.30821178E-07
  19820.8008  3.92329457E-06  1.00260337E-07
  21238.3711  3.41448549E-06  7.67811486E-08
  22757.3242  2.9714738E-06  5.8765135E-08
  24384.9121  2.58585374E-06  4.49548168E-08
  26128.9023  2.2502652E-06  3.43778197E-08
  27997.625  1.95823941E-06  2.62840381E-08
  29999.9961  1.70414012E-06  2.00951096E-08
