 Co Density=8.9
 Energy(eV), Delta, Beta
  30.  0.284292966  0.302770346
  32.1455765  0.262699008  0.262379229
  34.4446106  0.240662262  0.22461763
  36.908062  0.214574262  0.190804884
  39.5477028  0.187827513  0.163483649
  42.3761292  0.162283152  0.14031142
  45.4068375  0.137078583  0.120479785
  48.6543007  0.111168765  0.103491604
  52.1340256  0.0812611654  0.0896203816
  55.8626137  0.0399025455  0.0855290145
  59.8578682 0.00129190471  0.152674779
  64.1388626  0.0733301491  0.163646638
  68.7260284  0.0883986726  0.13099739
  73.6412659  0.0870933011  0.106623098
  78.9080353  0.0796585903  0.0895943716
  84.5514908  0.0736062229  0.0779778287
  90.5985489  0.0678071976  0.0679169372
  97.0780945  0.0624664649  0.059779644
  104.021049  0.0580545105  0.0525899306
  111.460571  0.0537174754  0.0454552062
  119.432152  0.0492861234  0.0392840095
  127.973854  0.0450046733  0.0339860693
  137.12645  0.0412799567  0.0292470548
  146.93364  0.0375484154  0.025022801
  157.44223  0.0340884589  0.0214087125
  168.702393  0.0309057795  0.018130688
  180.767868  0.0278416779  0.0153071359
  193.696259  0.0250433423  0.0128908074
  207.549271  0.0224322136  0.0107844817
  222.393066  0.0200252701  0.00897896755
  238.298462  0.0178127773  0.00746536255
  255.3414  0.0158022922  0.00617765775
  273.603241  0.0139800059  0.00510195503
  293.171143  0.0123302964  0.00419675605
  314.13855  0.0108482931  0.00344395381
  336.60553  0.00951916724  0.00281988992
  360.679321  0.00833046809  0.00230308319
  386.474854  0.00727053825  0.00187641068
  414.115234  0.00632698881  0.00152548717
  443.732513  0.00548743876  0.00123733107
  475.467926  0.00474059861  0.00100180274
  509.473053  0.00407462101  0.00080867036
  545.910217  0.00347737805  0.000653688272
  584.953369  0.00293964008  0.00052754418
  626.788818  0.00244528288  0.000426286686
  671.616333  0.00196822593  0.000341699517
  719.64978  0.00144482986  0.000276611943
  771.118713  0.000234590727  0.000222188886
  826.268555  0.00119293062  0.0014356894
  885.362732  0.00135026348  0.00114753377
  948.683228  0.00133867119  0.0010200215
  1016.53247  0.00131854566  0.000805946998
  1089.23413  0.00122494588  0.000638860569
  1167.13525  0.00111507135  0.000505795819
  1250.60803  0.00100301427  0.000400328368
  1340.05066  0.00089460233  0.000315685378
  1435.89014  0.000792742241  0.000248827389
  1538.58398  0.000699630822  0.000195754197
  1648.62244  0.00061504636  0.00015369746
  1766.53088  0.000539475295  0.00012050182
  1892.87195  0.000471951411  9.40458485E-05
  2028.24878  0.00041208422  7.34225468E-05
  2173.30762  0.00035936819  5.71188211E-05
  2328.74097  0.000312981923  4.43643294E-05
  2495.29102  0.000272316887  3.44093824E-05
  2673.75244  0.000236754524  2.66558491E-05
  2864.97754  0.000205718301  2.0628624E-05
  3069.87866  0.000178670351  1.59504762E-05
  3289.43433  0.000155124217  1.23245036E-05
  3524.69238  0.000134643662  9.51749371E-06
  3776.77588  0.000116839801  7.34670266E-06
  4046.88818  0.000101367295  5.66927292E-06
  4336.31885  8.79231739E-05  4.37418748E-06
  4646.44971  7.62400232E-05  3.37479014E-06
  4978.76025  6.6083041E-05  2.60389606E-06
  5334.83789  5.72457975E-05  2.00960972E-06
  5716.38135  4.95446184E-05  1.55141061E-06
  6125.21289  4.28124586E-05  1.19827212E-06
  6563.28418  3.68818655E-05  9.26078485E-07
  7032.68555  3.15416401E-05  7.16246859E-07
  7535.6582  2.60633296E-05  5.54451674E-07
  8074.60352  2.37495715E-05  3.40994779E-06
  8652.09277  2.16083572E-05  2.67627206E-06
  9270.88574  1.9223904E-05  2.09345012E-06
  9933.93262  1.69630457E-05  1.63270477E-06
  10644.4004  1.49023963E-05  1.27000635E-06
  11405.6807  1.30562103E-05  9.8560372E-07
  12221.4062  1.14172544E-05  7.6332617E-07
  13095.4736  9.97061306E-06  5.90077263E-07
  14032.0527  8.69881114E-06  4.55402244E-07
  15035.6152  7.58377882E-06  3.50953457E-07
  16110.9521  6.60808291E-06  2.70095228E-07
  17263.1973  5.75563126E-06  2.07622037E-07
  18497.8477  5.01169916E-06  1.59435032E-07
  19820.8008  4.36298205E-06  1.22317914E-07
  21238.3711  3.79769085E-06  9.3763191E-08
  22757.3242  3.3053052E-06  7.18254753E-08
  24384.9121  2.87658008E-06  5.49893748E-08
  26128.9023  2.5033853E-06  4.2081254E-08
  27997.625  2.17858246E-06  3.21937286E-08
  29999.9961  1.89571108E-06  2.46261909E-08
